8.912501997007487020e-01
-2.165812076407186204e+00
-1.022600172264944041e+00
-1.679119755516284229e+00
-1.396023244086205928e+00
6.520777931165052665e-01
-1.249516620465507044e+00
-1.614364147270092587e-01
1.097912469561930893e+00
1.171918763297180588e+00
-2.796535745712700471e-01
1.032327751420824002e+00
6.717573667799485726e-01
-3.710131369954351443e-01
-1.875748797477313490e-01
-2.033729274308257118e+00
-9.795532853374542270e-01
1.316379003585089746e-01
5.512118099443645836e-01
-1.933772595782331960e+00
-6.963936367205767475e-01
6.437015992611838655e-01
-3.136197639903300360e-01
9.607552234764709514e-03
-3.079061262326374671e-01
-5.088119103599434423e-01
6.408160860113055746e-01
-5.587731264153463773e-01
3.771031710686574279e-01
1.910708187712567563e-01
1.617892025472647655e+00
2.389144261018339321e+00
