7.621920676934981209e-01
1.345056973127933597e+00
3.849103944624566315e-02
1.939507717763937267e+00
-6.561338067879400882e-01
-6.086397603329215533e-01
4.568352621796301638e-01
-3.846223874431743406e-01
1.153482256796305228e+00
-4.810621412956641585e-01
1.287875505869676473e+00
8.951572834369241061e-02
2.716999542931227474e+00
-3.769355120851874408e-01
-3.612930279710447334e-01
1.115712922197180379e-01
-2.346641057417549359e+00
4.547544096316889495e-01
4.660274164377135042e-01
8.249739348171213071e-02
-1.382942136290327140e+00
-1.621560285790395461e+00
5.001961059934683096e-01
1.072729463345345025e+00
1.509564448079474541e+00
-8.414197702250757471e-01
-9.316575499218854306e-01
-2.005399659271002721e-01
-1.900727701462022967e+00
-5.678735901596844160e-01
8.503327486922265255e-01
1.693871605248517653e+00
